WARNING  volatility3.plugins.windows.registry.userassist: UserAssist key not found in \??\C:\WINDOWS\ServiceProfiles\NetworkService\NTUSER.DAT at 0xe08e80228000
WARNING  volatility3.plugins.windows.registry.userassist: UserAssist key not found in \??\C:\WINDOWS\ServiceProfiles\LocalService\NTUSER.DAT at 0xe08e805ad000
Volatility 3 Framework 2.28.1

Hive Offset	Hive Name	Path	Last Write Time	Type	Name	ID	Count	Focus Count	Time Focused	Last Updated	Raw Data

0xe08e809b1000	\??\C:\Users\kali\ntuser.dat	ntuser.dat\Software\Microsoft\Windows\CurrentVersion\Explorer\UserAssist\{9E04CAB2-CC14-11DF-BB8C-A2F1DED72085}\Count	2026-05-05 21:04:48.000000 UTC	Key	N/A	N/A	N/A	N/A	N/A	N/A	N/A
0xe08e809b1000	\??\C:\Users\kali\ntuser.dat	ntuser.dat\Software\Microsoft\Windows\CurrentVersion\Explorer\UserAssist\{A3D53349-6E61-4557-8FC7-0028EDCEEBF6}\Count	2026-05-05 21:04:48.000000 UTC	Key	N/A	N/A	N/A	N/A	N/A	N/A	N/A
0xe08e809b1000	\??\C:\Users\kali\ntuser.dat	ntuser.dat\Software\Microsoft\Windows\CurrentVersion\Explorer\UserAssist\{B267E3AD-A825-4A09-82B9-EEC22AA3B847}\Count	2026-05-05 21:04:48.000000 UTC	Key	N/A	N/A	N/A	N/A	N/A	N/A	N/A
0xe08e809b1000	\??\C:\Users\kali\ntuser.dat	ntuser.dat\Software\Microsoft\Windows\CurrentVersion\Explorer\UserAssist\{BCB48336-4DDD-48FF-BB0B-D3190DACB3E2}\Count	2026-05-05 21:04:48.000000 UTC	Key	N/A	N/A	N/A	N/A	N/A	N/A	N/A
0xe08e809b1000	\??\C:\Users\kali\ntuser.dat	ntuser.dat\Software\Microsoft\Windows\CurrentVersion\Explorer\UserAssist\{CAA59E3C-4792-41A5-9909-6A6A8D32490E}\Count	2026-05-05 21:04:48.000000 UTC	Key	N/A	N/A	N/A	N/A	N/A	N/A	N/A
0xe08e809b1000	\??\C:\Users\kali\ntuser.dat	ntuser.dat\Software\Microsoft\Windows\CurrentVersion\Explorer\UserAssist\{CEBFF5CD-ACE2-4F4F-9178-9926F41749EA}\Count	2026-05-13 19:26:48.000000 UTC	Key	N/A	N/A	N/A	N/A	N/A	N/A	N/A
* 0xe08e809b1000	\??\C:\Users\kali\ntuser.dat	ntuser.dat\Software\Microsoft\Windows\CurrentVersion\Explorer\UserAssist\{CEBFF5CD-ACE2-4F4F-9178-9926F41749EA}\Count	2026-05-13 19:26:48.000000 UTC	Value	UEME_CTLCUACount:ctor	N/A	0	0	0:00:00.500000	N/A	
ff ff ff ff 00 00 00 00 00 00 00 00 00 00 00 00 ................
00 00 80 bf 00 00 80 bf 00 00 80 bf 00 00 80 bf ................
00 00 80 bf 00 00 80 bf 00 00 80 bf 00 00 80 bf ................
00 00 80 bf 00 00 80 bf ff ff ff ff 00 00 00 00 ................
00 00 00 00 00 00 00 00                         ........        
* 0xe08e809b1000	\??\C:\Users\kali\ntuser.dat	ntuser.dat\Software\Microsoft\Windows\CurrentVersion\Explorer\UserAssist\{CEBFF5CD-ACE2-4F4F-9178-9926F41749EA}\Count	2026-05-13 19:26:48.000000 UTC	Value	Microsoft.WindowsFeedbackHub_8wekyb3d8bbwe!App	N/A	14	21	0:07:00.500000	2026-05-05 21:03:09.000000 UTC	
00 00 00 00 0e 00 00 00 15 00 00 00 a0 68 06 00 .............h..
00 00 80 bf 00 00 80 bf 00 00 80 bf 00 00 80 bf ................
00 00 80 bf 00 00 80 bf 00 00 80 bf 00 00 80 bf ................
00 00 80 bf 00 00 80 bf ff ff ff ff 42 a1 87 93 ............B...
d2 dc dc 01 00 00 00 00                         ........        
* 0xe08e809b1000	\??\C:\Users\kali\ntuser.dat	ntuser.dat\Software\Microsoft\Windows\CurrentVersion\Explorer\UserAssist\{CEBFF5CD-ACE2-4F4F-9178-9926F41749EA}\Count	2026-05-13 19:26:48.000000 UTC	Value	UEME_CTLSESSION	N/A	81	143	1:33:12.593000	1708-01-15 02:09:16.000000 UTC	
00 00 00 00 51 00 00 00 8f 00 00 00 1d 54 55 00 ....Q........TU.
16 00 00 00 1a 00 00 00 c6 f3 21 00 4d 00 69 00 ..........!.M.i.
63 00 72 00 6f 00 73 00 6f 00 66 00 74 00 2e 00 c.r.o.s.o.f.t...
57 00 69 00 6e 00 64 00 6f 00 77 00 73 00 2e 00 W.i.n.d.o.w.s...
45 00 78 00 70 00 6c 00 6f 00 72 00 65 00 72 00 E.x.p.l.o.r.e.r.
00 00 00 00 00 00 00 00 00 00 00 00 00 00 00 00 ................
00 00 00 00 00 00 00 00 00 00 00 00 00 00 00 00 ................
00 00 00 00 00 00 00 00 00 00 00 00 00 00 00 00 ................
00 00 00 00 00 00 00 00 00 00 00 00 00 00 00 00 ................
00 00 00 00 00 00 00 00 00 00 00 00 00 00 00 00 ................
00 00 00 00 00 00 00 00 00 00 00 00 00 00 00 00 ................
00 00 00 00 00 00 00 00 00 00 00 00 00 00 00 00 ................
00 00 00 00 00 00 00 00 00 00 00 00 00 00 00 00 ................
00 00 00 00 00 00 00 00 00 00 00 00 00 00 00 00 ................
00 00 00 00 00 00 00 00 00 00 00 00 00 00 00 00 ................
00 00 00 00 00 00 00 00 00 00 00 00 00 00 00 00 ................
00 00 00 00 00 00 00 00 00 00 00 00 00 00 00 00 ................
00 00 00 00 00 00 00 00 00 00 00 00 00 00 00 00 ................
00 00 00 00 00 00 00 00 00 00 00 00 00 00 00 00 ................
00 00 00 00 00 00 00 00 00 00 00 00 00 00 00 00 ................
00 00 00 00 00 00 00 00 00 00 00 00 00 00 00 00 ................
00 00 00 00 00 00 00 00 00 00 00 00 00 00 00 00 ................
00 00 00 00 00 00 00 00 00 00 00 00 00 00 00 00 ................
00 00 00 00 00 00 00 00 00 00 00 00 00 00 00 00 ................
00 00 00 00 00 00 00 00 00 00 00 00 00 00 00 00 ................
00 00 00 00 00 00 00 00 00 00 00 00 00 00 00 00 ................
00 00 00 00 00 00 00 00 00 00 00 00 00 00 00 00 ................
00 00 00 00 00 00 00 00 00 00 00 00 00 00 00 00 ................
00 00 00 00 00 00 00 00 00 00 00 00 00 00 00 00 ................
00 00 00 00 00 00 00 00 00 00 00 00 00 00 00 00 ................
00 00 00 00 00 00 00 00 00 00 00 00 00 00 00 00 ................
00 00 00 00 00 00 00 00 00 00 00 00 00 00 00 00 ................
00 00 00 00 00 00 00 00 00 00 00 00 00 00 00 00 ................
00 00 00 00 00 00 00 00 00 00 00 00 00 00 00 00 ................
00 00 00 00 16 00 00 00 1a 00 00 00 c6 f3 21 00 ..............!.
4d 00 69 00 63 00 72 00 6f 00 73 00 6f 00 66 00 M.i.c.r.o.s.o.f.
74 00 2e 00 57 00 69 00 6e 00 64 00 6f 00 77 00 t...W.i.n.d.o.w.
73 00 2e 00 45 00 78 00 70 00 6c 00 6f 00 72 00 s...E.x.p.l.o.r.
65 00 72 00 00 00 00 00 00 00 00 00 00 00 00 00 e.r.............
00 00 00 00 00 00 00 00 00 00 00 00 00 00 00 00 ................
00 00 00 00 00 00 00 00 00 00 00 00 00 00 00 00 ................
00 00 00 00 00 00 00 00 00 00 00 00 00 00 00 00 ................
00 00 00 00 00 00 00 00 00 00 00 00 00 00 00 00 ................
00 00 00 00 00 00 00 00 00 00 00 00 00 00 00 00 ................
00 00 00 00 00 00 00 00 00 00 00 00 00 00 00 00 ................
00 00 00 00 00 00 00 00 00 00 00 00 00 00 00 00 ................
00 00 00 00 00 00 00 00 00 00 00 00 00 00 00 00 ................
00 00 00 00 00 00 00 00 00 00 00 00 00 00 00 00 ................
00 00 00 00 00 00 00 00 00 00 00 00 00 00 00 00 ................
00 00 00 00 00 00 00 00 00 00 00 00 00 00 00 00 ................
00 00 00 00 00 00 00 00 00 00 00 00 00 00 00 00 ................
00 00 00 00 00 00 00 00 00 00 00 00 00 00 00 00 ................
00 00 00 00 00 00 00 00 00 00 00 00 00 00 00 00 ................
00 00 00 00 00 00 00 00 00 00 00 00 00 00 00 00 ................
00 00 00 00 00 00 00 00 00 00 00 00 00 00 00 00 ................
00 00 00 00 00 00 00 00 00 00 00 00 00 00 00 00 ................
00 00 00 00 00 00 00 00 00 00 00 00 00 00 00 00 ................
00 00 00 00 00 00 00 00 00 00 00 00 00 00 00 00 ................
00 00 00 00 00 00 00 00 00 00 00 00 00 00 00 00 ................
00 00 00 00 00 00 00 00 00 00 00 00 00 00 00 00 ................
00 00 00 00 00 00 00 00 00 00 00 00 00 00 00 00 ................
00 00 00 00 00 00 00 00 00 00 00 00 00 00 00 00 ................
00 00 00 00 00 00 00 00 00 00 00 00 00 00 00 00 ................
00 00 00 00 00 00 00 00 00 00 00 00 00 00 00 00 ................
00 00 00 00 00 00 00 00 00 00 00 00 00 00 00 00 ................
00 00 00 00 00 00 00 00 00 00 00 00 00 00 00 00 ................
00 00 00 00 00 00 00 00 00 00 00 00 00 00 00 00 ................
00 00 00 00 00 00 00 00 16 00 00 00 1a 00 00 00 ................
c6 f3 21 00 4d 00 69 00 63 00 72 00 6f 00 73 00 ..!.M.i.c.r.o.s.
6f 00 66 00 74 00 2e 00 57 00 69 00 6e 00 64 00 o.f.t...W.i.n.d.
6f 00 77 00 73 00 2e 00 45 00 78 00 70 00 6c 00 o.w.s...E.x.p.l.
6f 00 72 00 65 00 72 00 00 00 00 00 00 00 00 00 o.r.e.r.........
00 00 00 00 00 00 00 00 00 00 00 00 00 00 00 00 ................
00 00 00 00 00 00 00 00 00 00 00 00 00 00 00 00 ................
00 00 00 00 00 00 00 00 00 00 00 00 00 00 00 00 ................
00 00 00 00 00 00 00 00 00 00 00 00 00 00 00 00 ................
00 00 00 00 00 00 00 00 00 00 00 00 00 00 00 00 ................
00 00 00 00 00 00 00 00 00 00 00 00 00 00 00 00 ................
00 00 00 00 00 00 00 00 00 00 00 00 00 00 00 00 ................
00 00 00 00 00 00 00 00 00 00 00 00 00 00 00 00 ................
00 00 00 00 00 00 00 00 00 00 00 00 00 00 00 00 ................
00 00 00 00 00 00 00 00 00 00 00 00 00 00 00 00 ................
00 00 00 00 00 00 00 00 00 00 00 00 00 00 00 00 ................
00 00 00 00 00 00 00 00 00 00 00 00 00 00 00 00 ................
00 00 00 00 00 00 00 00 00 00 00 00 00 00 00 00 ................
00 00 00 00 00 00 00 00 00 00 00 00 00 00 00 00 ................
00 00 00 00 00 00 00 00 00 00 00 00 00 00 00 00 ................
00 00 00 00 00 00 00 00 00 00 00 00 00 00 00 00 ................
00 00 00 00 00 00 00 00 00 00 00 00 00 00 00 00 ................
00 00 00 00 00 00 00 00 00 00 00 00 00 00 00 00 ................
00 00 00 00 00 00 00 00 00 00 00 00 00 00 00 00 ................
00 00 00 00 00 00 00 00 00 00 00 00 00 00 00 00 ................
00 00 00 00 00 00 00 00 00 00 00 00 00 00 00 00 ................
00 00 00 00 00 00 00 00 00 00 00 00 00 00 00 00 ................
00 00 00 00 00 00 00 00 00 00 00 00 00 00 00 00 ................
00 00 00 00 00 00 00 00 00 00 00 00 00 00 00 00 ................
00 00 00 00 00 00 00 00 00 00 00 00 00 00 00 00 ................
00 00 00 00 00 00 00 00 00 00 00 00 00 00 00 00 ................
00 00 00 00 00 00 00 00 00 00 00 00 00 00 00 00 ................
00 00 00 00 00 00 00 00 00 00 00 00 00 00 00 00 ................
00 00 00 00 00 00 00 00 00 00 00 00             ............    
* 0xe08e809b1000	\??\C:\Users\kali\ntuser.dat	ntuser.dat\Software\Microsoft\Windows\CurrentVersion\Explorer\UserAssist\{CEBFF5CD-ACE2-4F4F-9178-9926F41749EA}\Count	2026-05-13 19:26:48.000000 UTC	Value	Microsoft.MicrosoftStickyNotes_8wekyb3d8bbwe!App	N/A	11	17	0:05:30.500000	2026-05-05 21:03:09.000000 UTC	
00 00 00 00 0b 00 00 00 11 00 00 00 10 09 05 00 ................
00 00 80 bf 00 00 80 bf 00 00 80 bf 00 00 80 bf ................
00 00 80 bf 00 00 80 bf 00 00 80 bf 00 00 80 bf ................
00 00 80 bf 00 00 80 bf ff ff ff ff 42 a1 87 93 ............B...
d2 dc dc 01 00 00 00 00                         ........        
* 0xe08e809b1000	\??\C:\Users\kali\ntuser.dat	ntuser.dat\Software\Microsoft\Windows\CurrentVersion\Explorer\UserAssist\{CEBFF5CD-ACE2-4F4F-9178-9926F41749EA}\Count	2026-05-13 19:26:48.000000 UTC	Value	Microsoft.WindowsCalculator_8wekyb3d8bbwe!App	N/A	8	13	0:04:00.500000	2026-05-05 21:03:09.000000 UTC	
00 00 00 00 08 00 00 00 0d 00 00 00 80 a9 03 00 ................
00 00 80 bf 00 00 80 bf 00 00 80 bf 00 00 80 bf ................
00 00 80 bf 00 00 80 bf 00 00 80 bf 00 00 80 bf ................
00 00 80 bf 00 00 80 bf ff ff ff ff 42 a1 87 93 ............B...
d2 dc dc 01 00 00 00 00                         ........        
* 0xe08e809b1000	\??\C:\Users\kali\ntuser.dat	ntuser.dat\Software\Microsoft\Windows\CurrentVersion\Explorer\UserAssist\{CEBFF5CD-ACE2-4F4F-9178-9926F41749EA}\Count	2026-05-13 19:26:48.000000 UTC	Value	Microsoft.Paint_8wekyb3d8bbwe!App	N/A	5	9	0:02:30.500000	2026-05-05 21:03:09.000000 UTC	
00 00 00 00 05 00 00 00 09 00 00 00 f0 49 02 00 .............I..
00 00 80 bf 00 00 80 bf 00 00 80 bf 00 00 80 bf ................
00 00 80 bf 00 00 80 bf 00 00 80 bf 00 00 80 bf ................
00 00 80 bf 00 00 80 bf ff ff ff ff 42 a1 87 93 ............B...
d2 dc dc 01 00 00 00 00                         ........        
* 0xe08e809b1000	\??\C:\Users\kali\ntuser.dat	ntuser.dat\Software\Microsoft\Windows\CurrentVersion\Explorer\UserAssist\{CEBFF5CD-ACE2-4F4F-9178-9926F41749EA}\Count	2026-05-13 19:26:48.000000 UTC	Value	Microsoft.WindowsNotepad_8wekyb3d8bbwe!App	N/A	3	7	0:02:14.219000	2026-05-12 18:28:12.000000 UTC	
00 00 00 00 03 00 00 00 07 00 00 00 57 0a 02 00 ............W...
00 00 80 bf 00 00 80 bf 00 00 80 bf 00 00 80 bf ................
00 00 80 bf 00 00 80 bf 00 00 80 bf 00 00 80 bf ................
00 00 80 bf 00 00 80 bf ff ff ff ff a0 3f 47 17 .............?G.
3d e2 dc 01 00 00 00 00                         =.......        
* 0xe08e809b1000	\??\C:\Users\kali\ntuser.dat	ntuser.dat\Software\Microsoft\Windows\CurrentVersion\Explorer\UserAssist\{CEBFF5CD-ACE2-4F4F-9178-9926F41749EA}\Count	2026-05-13 19:26:48.000000 UTC	Value	%windir%\system32\reg.exe	N/A	0	0	0:00:00.562000	N/A	
00 00 00 00 00 00 00 00 00 00 00 00 3e 00 00 00 ............>...
00 00 80 bf 00 00 80 bf 00 00 80 bf 00 00 80 bf ................
00 00 80 bf 00 00 80 bf 00 00 80 bf 00 00 80 bf ................
00 00 80 bf 00 00 80 bf ff ff ff ff 00 00 00 00 ................
00 00 00 00 00 00 00 00                         ........        
* 0xe08e809b1000	\??\C:\Users\kali\ntuser.dat	ntuser.dat\Software\Microsoft\Windows\CurrentVersion\Explorer\UserAssist\{CEBFF5CD-ACE2-4F4F-9178-9926F41749EA}\Count	2026-05-13 19:26:48.000000 UTC	Value	%windir%\system32\oobe\FirstLogonAnim.exe	N/A	0	2	0:01:23.890000	N/A	
00 00 00 00 00 00 00 00 02 00 00 00 be 45 01 00 .............E..
00 00 80 bf 00 00 80 bf 00 00 80 bf 00 00 80 bf ................
00 00 80 bf 00 00 80 bf 00 00 80 bf 00 00 80 bf ................
00 00 80 bf 00 00 80 bf ff ff ff ff 00 00 00 00 ................
00 00 00 00 00 00 00 00                         ........        
* 0xe08e809b1000	\??\C:\Users\kali\ntuser.dat	ntuser.dat\Software\Microsoft\Windows\CurrentVersion\Explorer\UserAssist\{CEBFF5CD-ACE2-4F4F-9178-9926F41749EA}\Count	2026-05-13 19:26:48.000000 UTC	Value	%windir%\system32\cmd.exe	N/A	1	0	0:00:01.094000	2026-05-12 19:51:19.000000 UTC	
00 00 00 00 01 00 00 00 00 00 00 00 52 02 00 00 ............R...
00 00 80 bf 00 00 80 bf 00 00 80 bf 00 00 80 bf ................
00 00 80 bf 00 00 80 bf 00 00 80 bf 00 00 80 bf ................
00 00 80 bf 00 00 80 bf ff ff ff ff 70 a6 f4 b3 ............p...
48 e2 dc 01 00 00 00 00                         H.......        
* 0xe08e809b1000	\??\C:\Users\kali\ntuser.dat	ntuser.dat\Software\Microsoft\Windows\CurrentVersion\Explorer\UserAssist\{CEBFF5CD-ACE2-4F4F-9178-9926F41749EA}\Count	2026-05-13 19:26:48.000000 UTC	Value	%windir%\system32\rgnupdt.exe	N/A	0	0	0:00:03.890000	N/A	
00 00 00 00 00 00 00 00 00 00 00 00 3e 0d 00 00 ............>...
00 00 80 bf 00 00 80 bf 00 00 80 bf 00 00 80 bf ................
00 00 80 bf 00 00 80 bf 00 00 80 bf 00 00 80 bf ................
00 00 80 bf 00 00 80 bf ff ff ff ff 00 00 00 00 ................
00 00 00 00 00 00 00 00                         ........        
* 0xe08e809b1000	\??\C:\Users\kali\ntuser.dat	ntuser.dat\Software\Microsoft\Windows\CurrentVersion\Explorer\UserAssist\{CEBFF5CD-ACE2-4F4F-9178-9926F41749EA}\Count	2026-05-13 19:26:48.000000 UTC	Value	MicrosoftWindows.Client.CBS_cw5n1h2txyewy!CortanaUI	N/A	0	6	0:03:38.719000	N/A	
00 00 00 00 00 00 00 00 06 00 00 00 6b 54 03 00 ............kT..
00 00 80 bf 00 00 80 bf 00 00 80 bf 00 00 80 bf ................
00 00 80 bf 00 00 80 bf 00 00 80 bf 00 00 80 bf ................
00 00 80 bf 00 00 80 bf ff ff ff ff 00 00 00 00 ................
00 00 00 00 00 00 00 00                         ........        
* 0xe08e809b1000	\??\C:\Users\kali\ntuser.dat	ntuser.dat\Software\Microsoft\Windows\CurrentVersion\Explorer\UserAssist\{CEBFF5CD-ACE2-4F4F-9178-9926F41749EA}\Count	2026-05-13 19:26:48.000000 UTC	Value	MSEdge	N/A	5	18	0:14:22.095000	2026-05-13 18:32:05.000000 UTC	
00 00 00 00 05 00 00 00 12 00 00 00 9b 25 0d 00 .............%..
00 00 80 bf 00 00 80 bf 00 00 80 bf 00 00 80 bf ................
00 00 80 bf 00 00 80 bf 00 00 80 bf 00 00 80 bf ................
00 00 80 bf 00 00 80 bf ff ff ff ff a0 aa 7f cc ................
06 e3 dc 01 00 00 00 00                         ........        
* 0xe08e809b1000	\??\C:\Users\kali\ntuser.dat	ntuser.dat\Software\Microsoft\Windows\CurrentVersion\Explorer\UserAssist\{CEBFF5CD-ACE2-4F4F-9178-9926F41749EA}\Count	2026-05-13 19:26:48.000000 UTC	Value	Microsoft.Windows.StartMenuExperienceHost_cw5n1h2txyewy!FullTrustApp	N/A	0	7	0:00:12.639000	N/A	
00 00 00 00 00 00 00 00 07 00 00 00 6b 2f 00 00 ............k/..
00 00 80 bf 00 00 80 bf 00 00 80 bf 00 00 80 bf ................
00 00 80 bf 00 00 80 bf 00 00 80 bf 00 00 80 bf ................
00 00 80 bf 00 00 80 bf ff ff ff ff 00 00 00 00 ................
00 00 00 00 00 00 00 00                         ........        
* 0xe08e809b1000	\??\C:\Users\kali\ntuser.dat	ntuser.dat\Software\Microsoft\Windows\CurrentVersion\Explorer\UserAssist\{CEBFF5CD-ACE2-4F4F-9178-9926F41749EA}\Count	2026-05-13 19:26:48.000000 UTC	Value	Microsoft.OutlookForWindows_8wekyb3d8bbwe!Microsoft.OutlookforWindows	N/A	2	2	0:00:21.126000	2026-05-12 18:24:48.000000 UTC	
00 00 00 00 02 00 00 00 02 00 00 00 92 50 00 00 .............P..
00 00 80 bf 00 00 80 bf 00 00 80 bf 00 00 80 bf ................
00 00 80 bf 00 00 80 bf 00 00 80 bf 00 00 80 bf ................
00 00 80 bf 00 00 80 bf ff ff ff ff f0 50 a6 9d .............P..
3c e2 dc 01 00 00 00 00                         <.......        
* 0xe08e809b1000	\??\C:\Users\kali\ntuser.dat	ntuser.dat\Software\Microsoft\Windows\CurrentVersion\Explorer\UserAssist\{CEBFF5CD-ACE2-4F4F-9178-9926F41749EA}\Count	2026-05-13 19:26:48.000000 UTC	Value	{6D809377-6AF0-444B-8957-A3773F02200E}\WindowsApps\Microsoft.OutlookForWindows_1.0.0.0_neutral__8wekyb3d8bbwe\olk.exe	N/A	2	0	0:00:00.500000	2026-05-12 18:24:50.000000 UTC	
00 00 00 00 02 00 00 00 00 00 00 00 00 00 00 00 ................
00 00 80 bf 00 00 80 bf 00 00 80 bf 00 00 80 bf ................
00 00 80 bf 00 00 80 bf 00 00 80 bf 00 00 80 bf ................
00 00 80 bf 00 00 80 bf ff ff ff ff 70 35 af 9e ............p5..
3c e2 dc 01 00 00 00 00                         <.......        
* 0xe08e809b1000	\??\C:\Users\kali\ntuser.dat	ntuser.dat\Software\Microsoft\Windows\CurrentVersion\Explorer\UserAssist\{CEBFF5CD-ACE2-4F4F-9178-9926F41749EA}\Count	2026-05-13 19:26:48.000000 UTC	Value	Microsoft.Windows.Explorer	N/A	22	26	0:37:05.594000	2026-05-13 19:25:30.000000 UTC	
00 00 00 00 16 00 00 00 1a 00 00 00 c6 f3 21 00 ..............!.
00 00 80 bf 00 00 80 bf 00 00 80 bf 00 00 80 bf ................
00 00 80 bf 00 00 80 bf 00 00 80 bf 00 00 80 bf ................
00 00 80 bf 00 00 80 bf ff ff ff ff a0 b2 f9 42 ...............B
0e e3 dc 01 00 00 00 00                         ........        
* 0xe08e809b1000	\??\C:\Users\kali\ntuser.dat	ntuser.dat\Software\Microsoft\Windows\CurrentVersion\Explorer\UserAssist\{CEBFF5CD-ACE2-4F4F-9178-9926F41749EA}\Count	2026-05-13 19:26:48.000000 UTC	Value	{6D809377-6AF0-444B-8957-A3773F02200E}\WindowsApps\Microsoft.WindowsNotepad_11.2501.31.0_x64__8wekyb3d8bbwe\Notepad\Notepad.exe	N/A	1	0	0:00:00.500000	2026-05-12 18:28:11.000000 UTC	
00 00 00 00 01 00 00 00 00 00 00 00 00 00 00 00 ................
00 00 80 bf 00 00 80 bf 00 00 80 bf 00 00 80 bf ................
00 00 80 bf 00 00 80 bf 00 00 80 bf 00 00 80 bf ................
00 00 80 bf 00 00 80 bf ff ff ff ff c0 38 ed 16 .............8..
3d e2 dc 01 00 00 00 00                         =.......        
* 0xe08e809b1000	\??\C:\Users\kali\ntuser.dat	ntuser.dat\Software\Microsoft\Windows\CurrentVersion\Explorer\UserAssist\{CEBFF5CD-ACE2-4F4F-9178-9926F41749EA}\Count	2026-05-13 19:26:48.000000 UTC	Value	Microsoft.WindowsTerminal_8wekyb3d8bbwe!App	N/A	0	5	0:10:50.436000	N/A	
00 00 00 00 00 00 00 00 05 00 00 00 d0 ea 09 00 ................
00 00 80 bf 00 00 80 bf 00 00 80 bf 00 00 80 bf ................
00 00 80 bf 00 00 80 bf 00 00 80 bf 00 00 80 bf ................
00 00 80 bf 00 00 80 bf ff ff ff ff 00 00 00 00 ................
00 00 00 00 00 00 00 00                         ........        
* 0xe08e809b1000	\??\C:\Users\kali\ntuser.dat	ntuser.dat\Software\Microsoft\Windows\CurrentVersion\Explorer\UserAssist\{CEBFF5CD-ACE2-4F4F-9178-9926F41749EA}\Count	2026-05-13 19:26:48.000000 UTC	Value	Microsoft.Windows.ShellExperienceHost_cw5n1h2txyewy!App	N/A	0	0	0:00:10.062000	N/A	
00 00 00 00 00 00 00 00 00 00 00 00 5a 25 00 00 ............Z%..
00 00 80 bf 00 00 80 bf 00 00 80 bf 00 00 80 bf ................
00 00 80 bf 00 00 80 bf 00 00 80 bf 00 00 80 bf ................
00 00 80 bf 00 00 80 bf ff ff ff ff 00 00 00 00 ................
00 00 00 00 00 00 00 00                         ........        
* 0xe08e809b1000	\??\C:\Users\kali\ntuser.dat	ntuser.dat\Software\Microsoft\Windows\CurrentVersion\Explorer\UserAssist\{CEBFF5CD-ACE2-4F4F-9178-9926F41749EA}\Count	2026-05-13 19:26:48.000000 UTC	Value	Microsoft.Copilot_8wekyb3d8bbwe!App	N/A	1	1	0:00:19.594000	2026-05-12 20:01:53.000000 UTC	
00 00 00 00 01 00 00 00 01 00 00 00 96 4a 00 00 .............J..
00 00 80 bf 00 00 80 bf 00 00 80 bf 00 00 80 bf ................
00 00 80 bf 00 00 80 bf 00 00 80 bf 00 00 80 bf ................
00 00 80 bf 00 00 80 bf ff ff ff ff b0 02 c4 2d ...............-
4a e2 dc 01 00 00 00 00                         J.......        
* 0xe08e809b1000	\??\C:\Users\kali\ntuser.dat	ntuser.dat\Software\Microsoft\Windows\CurrentVersion\Explorer\UserAssist\{CEBFF5CD-ACE2-4F4F-9178-9926F41749EA}\Count	2026-05-13 19:26:48.000000 UTC	Value	Microsoft.GetHelp_8wekyb3d8bbwe!App	N/A	0	0	0:00:02.391000	N/A	
00 00 00 00 00 00 00 00 00 00 00 00 63 07 00 00 ............c...
00 00 80 bf 00 00 80 bf 00 00 80 bf 00 00 80 bf ................
00 00 80 bf 00 00 80 bf 00 00 80 bf 00 00 80 bf ................
00 00 80 bf 00 00 80 bf ff ff ff ff 00 00 00 00 ................
00 00 00 00 00 00 00 00                         ........        
* 0xe08e809b1000	\??\C:\Users\kali\ntuser.dat	ntuser.dat\Software\Microsoft\Windows\CurrentVersion\Explorer\UserAssist\{CEBFF5CD-ACE2-4F4F-9178-9926F41749EA}\Count	2026-05-13 19:26:48.000000 UTC	Value	Microsoft.XboxGamingOverlay_8wekyb3d8bbwe!App	N/A	1	0	0:00:00.500000	2026-05-13 18:54:15.000000 UTC	
00 00 00 00 01 00 00 00 00 00 00 00 00 00 00 00 ................
00 00 80 bf 00 00 80 bf 00 00 80 bf 00 00 80 bf ................
00 00 80 bf 00 00 80 bf 00 00 80 bf 00 00 80 bf ................
00 00 80 bf 00 00 80 bf ff ff ff ff a0 a6 4e e5 ..............N.
09 e3 dc 01 00 00 00 00                         ........        
* 0xe08e809b1000	\??\C:\Users\kali\ntuser.dat	ntuser.dat\Software\Microsoft\Windows\CurrentVersion\Explorer\UserAssist\{CEBFF5CD-ACE2-4F4F-9178-9926F41749EA}\Count	2026-05-13 19:26:48.000000 UTC	Value	Microsoft.SecHealthUI_8wekyb3d8bbwe!SecHealthUI	N/A	0	1	0:01:39.281000	N/A	
00 00 00 00 00 00 00 00 01 00 00 00 dd 81 01 00 ................
00 00 80 bf 00 00 80 bf 00 00 80 bf 00 00 80 bf ................
00 00 80 bf 00 00 80 bf 00 00 80 bf 00 00 80 bf ................
00 00 80 bf 00 00 80 bf ff ff ff ff 00 00 00 00 ................
00 00 00 00 00 00 00 00                         ........        
* 0xe08e809b1000	\??\C:\Users\kali\ntuser.dat	ntuser.dat\Software\Microsoft\Windows\CurrentVersion\Explorer\UserAssist\{CEBFF5CD-ACE2-4F4F-9178-9926F41749EA}\Count	2026-05-13 19:26:48.000000 UTC	Value	C:\Users\kali\Downloads\7z2601-x64.exe	N/A	0	1	0:00:09.406000	N/A	
00 00 00 00 00 00 00 00 01 00 00 00 ca 22 00 00 ............."..
00 00 80 bf 00 00 80 bf 00 00 80 bf 00 00 80 bf ................
00 00 80 bf 00 00 80 bf 00 00 80 bf 00 00 80 bf ................
00 00 80 bf 00 00 80 bf ff ff ff ff 00 00 00 00 ................
00 00 00 00 00 00 00 00                         ........        
* 0xe08e809b1000	\??\C:\Users\kali\ntuser.dat	ntuser.dat\Software\Microsoft\Windows\CurrentVersion\Explorer\UserAssist\{CEBFF5CD-ACE2-4F4F-9178-9926F41749EA}\Count	2026-05-13 19:26:48.000000 UTC	Value	MSEdge.UserData.Profile1	N/A	0	2	0:00:49.734000	N/A	
00 00 00 00 00 00 00 00 02 00 00 00 52 c0 00 00 ............R...
00 00 80 bf 00 00 80 bf 00 00 80 bf 00 00 80 bf ................
00 00 80 bf 00 00 80 bf 00 00 80 bf 00 00 80 bf ................
00 00 80 bf 00 00 80 bf ff ff ff ff 00 00 00 00 ................
00 00 00 00 00 00 00 00                         ........        
* 0xe08e809b1000	\??\C:\Users\kali\ntuser.dat	ntuser.dat\Software\Microsoft\Windows\CurrentVersion\Explorer\UserAssist\{CEBFF5CD-ACE2-4F4F-9178-9926F41749EA}\Count	2026-05-13 19:26:48.000000 UTC	Value	{6D809377-6AF0-444B-8957-A3773F02200E}\7-Zip\7zFM.exe	N/A	2	4	0:00:49.486000	2026-05-13 19:25:04.000000 UTC	
00 00 00 00 02 00 00 00 04 00 00 00 5a bf 00 00 ............Z...
00 00 80 bf 00 00 80 bf 00 00 80 bf 00 00 80 bf ................
00 00 80 bf 00 00 80 bf 00 00 80 bf 00 00 80 bf ................
00 00 80 bf 00 00 80 bf ff ff ff ff f0 5f 34 33 ............._43
0e e3 dc 01 00 00 00 00                         ........        
* 0xe08e809b1000	\??\C:\Users\kali\ntuser.dat	ntuser.dat\Software\Microsoft\Windows\CurrentVersion\Explorer\UserAssist\{CEBFF5CD-ACE2-4F4F-9178-9926F41749EA}\Count	2026-05-13 19:26:48.000000 UTC	Value	{6D809377-6AF0-444B-8957-A3773F02200E}\7-Zip\7zG.exe	N/A	0	1	0:00:07.375000	N/A	
00 00 00 00 00 00 00 00 01 00 00 00 db 1a 00 00 ................
00 00 80 bf 00 00 80 bf 00 00 80 bf 00 00 80 bf ................
00 00 80 bf 00 00 80 bf 00 00 80 bf 00 00 80 bf ................
00 00 80 bf 00 00 80 bf ff ff ff ff 00 00 00 00 ................
00 00 00 00 00 00 00 00                         ........        
* 0xe08e809b1000	\??\C:\Users\kali\ntuser.dat	ntuser.dat\Software\Microsoft\Windows\CurrentVersion\Explorer\UserAssist\{CEBFF5CD-ACE2-4F4F-9178-9926F41749EA}\Count	2026-05-13 19:26:48.000000 UTC	Value	C:\Users\kali\Downloads\078cb93f2f55e14d90efd11536f642c9ed7cd1030369d1045418953c1d430604\078cb93f2f55e14d90efd11536f642c9ed7cd1030369d1045418953c1d430604.exe	N/A	3	0	0:00:00.500000	2026-05-13 19:26:48.000000 UTC	
00 00 00 00 03 00 00 00 00 00 00 00 00 00 00 00 ................
00 00 80 bf 00 00 80 bf 00 00 80 bf 00 00 80 bf ................
00 00 80 bf 00 00 80 bf 00 00 80 bf 00 00 80 bf ................
00 00 80 bf 00 00 80 bf ff ff ff ff 70 e1 17 71 ............p..q
0e e3 dc 01 00 00 00 00                         ........        
0xe08e809b1000	\??\C:\Users\kali\ntuser.dat	ntuser.dat\Software\Microsoft\Windows\CurrentVersion\Explorer\UserAssist\{F2A1CB5A-E3CC-4A2E-AF9D-505A7009D442}\Count	2026-05-05 21:04:48.000000 UTC	Key	N/A	N/A	N/A	N/A	N/A	N/A	N/A
0xe08e809b1000	\??\C:\Users\kali\ntuser.dat	ntuser.dat\Software\Microsoft\Windows\CurrentVersion\Explorer\UserAssist\{F4E57C4B-2036-45F0-A9AB-443BCFE33D9F}\Count	2026-05-13 19:25:30.000000 UTC	Key	N/A	N/A	N/A	N/A	N/A	N/A	N/A
* 0xe08e809b1000	\??\C:\Users\kali\ntuser.dat	ntuser.dat\Software\Microsoft\Windows\CurrentVersion\Explorer\UserAssist\{F4E57C4B-2036-45F0-A9AB-443BCFE33D9F}\Count	2026-05-13 19:25:30.000000 UTC	Value	UEME_CTLCUACount:ctor	N/A	0	0	0:00:00.500000	N/A	
ff ff ff ff 00 00 00 00 00 00 00 00 00 00 00 00 ................
00 00 80 bf 00 00 80 bf 00 00 80 bf 00 00 80 bf ................
00 00 80 bf 00 00 80 bf 00 00 80 bf 00 00 80 bf ................
00 00 80 bf 00 00 80 bf ff ff ff ff 00 00 00 00 ................
00 00 00 00 00 00 00 00                         ........        
* 0xe08e809b1000	\??\C:\Users\kali\ntuser.dat	ntuser.dat\Software\Microsoft\Windows\CurrentVersion\Explorer\UserAssist\{F4E57C4B-2036-45F0-A9AB-443BCFE33D9F}\Count	2026-05-13 19:25:30.000000 UTC	Value	C:\Users\Public\Desktop\Microsoft Edge.lnk	N/A	4	0	0:00:00.504000	2026-05-13 19:06:01.000000 UTC	
00 00 00 00 04 00 00 00 00 00 00 00 04 00 00 00 ................
00 00 80 bf 00 00 80 bf 00 00 80 bf 00 00 80 bf ................
00 00 80 bf 00 00 80 bf 00 00 80 bf 00 00 80 bf ................
00 00 80 bf 00 00 80 bf ff ff ff ff 80 65 1d 8a .............e..
0b e3 dc 01 00 00 00 00                         ........        
* 0xe08e809b1000	\??\C:\Users\kali\ntuser.dat	ntuser.dat\Software\Microsoft\Windows\CurrentVersion\Explorer\UserAssist\{F4E57C4B-2036-45F0-A9AB-443BCFE33D9F}\Count	2026-05-13 19:25:30.000000 UTC	Value	UEME_CTLSESSION	N/A	30	0	0:00:00.530000	1641-02-20 09:48:19.000000 UTC	
00 00 00 00 1e 00 00 00 00 00 00 00 1e 00 00 00 ................
14 00 00 00 00 00 00 00 14 00 00 00 7b 00 39 00 ............{.9.
45 00 33 00 39 00 39 00 35 00 41 00 42 00 2d 00 E.3.9.9.5.A.B.-.
31 00 46 00 39 00 43 00 2d 00 34 00 46 00 31 00 1.F.9.C.-.4.F.1.
33 00 2d 00 42 00 38 00 32 00 37 00 2d 00 34 00 3.-.B.8.2.7.-.4.
38 00 42 00 32 00 34 00 42 00 36 00 43 00 37 00 8.B.2.4.B.6.C.7.
31 00 37 00 34 00 7d 00 5c 00 54 00 61 00 73 00 1.7.4.}.\.T.a.s.
6b 00 42 00 61 00 72 00 5c 00 46 00 69 00 6c 00 k.B.a.r.\.F.i.l.
65 00 20 00 45 00 78 00 70 00 6c 00 6f 00 72 00 e. .E.x.p.l.o.r.
65 00 72 00 2e 00 6c 00 6e 00 6b 00 00 00 00 00 e.r...l.n.k.....
00 00 00 00 00 00 00 00 00 00 00 00 00 00 00 00 ................
00 00 00 00 00 00 00 00 00 00 00 00 00 00 00 00 ................
00 00 00 00 00 00 00 00 00 00 00 00 00 00 00 00 ................
00 00 00 00 00 00 00 00 00 00 00 00 00 00 00 00 ................
00 00 00 00 00 00 00 00 00 00 00 00 00 00 00 00 ................
00 00 00 00 00 00 00 00 00 00 00 00 00 00 00 00 ................
00 00 00 00 00 00 00 00 00 00 00 00 00 00 00 00 ................
00 00 00 00 00 00 00 00 00 00 00 00 00 00 00 00 ................
00 00 00 00 00 00 00 00 00 00 00 00 00 00 00 00 ................
00 00 00 00 00 00 00 00 00 00 00 00 00 00 00 00 ................
00 00 00 00 00 00 00 00 00 00 00 00 00 00 00 00 ................
00 00 00 00 00 00 00 00 00 00 00 00 00 00 00 00 ................
00 00 00 00 00 00 00 00 00 00 00 00 00 00 00 00 ................
00 00 00 00 00 00 00 00 00 00 00 00 00 00 00 00 ................
00 00 00 00 00 00 00 00 00 00 00 00 00 00 00 00 ................
00 00 00 00 00 00 00 00 00 00 00 00 00 00 00 00 ................
00 00 00 00 00 00 00 00 00 00 00 00 00 00 00 00 ................
00 00 00 00 00 00 00 00 00 00 00 00 00 00 00 00 ................
00 00 00 00 00 00 00 00 00 00 00 00 00 00 00 00 ................
00 00 00 00 00 00 00 00 00 00 00 00 00 00 00 00 ................
00 00 00 00 00 00 00 00 00 00 00 00 00 00 00 00 ................
00 00 00 00 00 00 00 00 00 00 00 00 00 00 00 00 ................
00 00 00 00 00 00 00 00 00 00 00 00 00 00 00 00 ................
00 00 00 00 00 00 00 00 00 00 00 00 00 00 00 00 ................
00 00 00 00 14 00 00 00 00 00 00 00 14 00 00 00 ................
7b 00 39 00 45 00 33 00 39 00 39 00 35 00 41 00 {.9.E.3.9.9.5.A.
42 00 2d 00 31 00 46 00 39 00 43 00 2d 00 34 00 B.-.1.F.9.C.-.4.
46 00 31 00 33 00 2d 00 42 00 38 00 32 00 37 00 F.1.3.-.B.8.2.7.
2d 00 34 00 38 00 42 00 32 00 34 00 42 00 36 00 -.4.8.B.2.4.B.6.
43 00 37 00 31 00 37 00 34 00 7d 00 5c 00 54 00 C.7.1.7.4.}.\.T.
61 00 73 00 6b 00 42 00 61 00 72 00 5c 00 46 00 a.s.k.B.a.r.\.F.
69 00 6c 00 65 00 20 00 45 00 78 00 70 00 6c 00 i.l.e. .E.x.p.l.
6f 00 72 00 65 00 72 00 2e 00 6c 00 6e 00 6b 00 o.r.e.r...l.n.k.
00 00 00 00 00 00 00 00 00 00 00 00 00 00 00 00 ................
00 00 00 00 00 00 00 00 00 00 00 00 00 00 00 00 ................
00 00 00 00 00 00 00 00 00 00 00 00 00 00 00 00 ................
00 00 00 00 00 00 00 00 00 00 00 00 00 00 00 00 ................
00 00 00 00 00 00 00 00 00 00 00 00 00 00 00 00 ................
00 00 00 00 00 00 00 00 00 00 00 00 00 00 00 00 ................
00 00 00 00 00 00 00 00 00 00 00 00 00 00 00 00 ................
00 00 00 00 00 00 00 00 00 00 00 00 00 00 00 00 ................
00 00 00 00 00 00 00 00 00 00 00 00 00 00 00 00 ................
00 00 00 00 00 00 00 00 00 00 00 00 00 00 00 00 ................
00 00 00 00 00 00 00 00 00 00 00 00 00 00 00 00 ................
00 00 00 00 00 00 00 00 00 00 00 00 00 00 00 00 ................
00 00 00 00 00 00 00 00 00 00 00 00 00 00 00 00 ................
00 00 00 00 00 00 00 00 00 00 00 00 00 00 00 00 ................
00 00 00 00 00 00 00 00 00 00 00 00 00 00 00 00 ................
00 00 00 00 00 00 00 00 00 00 00 00 00 00 00 00 ................
00 00 00 00 00 00 00 00 00 00 00 00 00 00 00 00 ................
00 00 00 00 00 00 00 00 00 00 00 00 00 00 00 00 ................
00 00 00 00 00 00 00 00 00 00 00 00 00 00 00 00 ................
00 00 00 00 00 00 00 00 00 00 00 00 00 00 00 00 ................
00 00 00 00 00 00 00 00 00 00 00 00 00 00 00 00 ................
00 00 00 00 00 00 00 00 00 00 00 00 00 00 00 00 ................
00 00 00 00 00 00 00 00 00 00 00 00 00 00 00 00 ................
00 00 00 00 00 00 00 00 00 00 00 00 00 00 00 00 ................
00 00 00 00 00 00 00 00 14 00 00 00 00 00 00 00 ................
14 00 00 00 7b 00 39 00 45 00 33 00 39 00 39 00 ....{.9.E.3.9.9.
35 00 41 00 42 00 2d 00 31 00 46 00 39 00 43 00 5.A.B.-.1.F.9.C.
2d 00 34 00 46 00 31 00 33 00 2d 00 42 00 38 00 -.4.F.1.3.-.B.8.
32 00 37 00 2d 00 34 00 38 00 42 00 32 00 34 00 2.7.-.4.8.B.2.4.
42 00 36 00 43 00 37 00 31 00 37 00 34 00 7d 00 B.6.C.7.1.7.4.}.
5c 00 54 00 61 00 73 00 6b 00 42 00 61 00 72 00 \.T.a.s.k.B.a.r.
5c 00 46 00 69 00 6c 00 65 00 20 00 45 00 78 00 \.F.i.l.e. .E.x.
70 00 6c 00 6f 00 72 00 65 00 72 00 2e 00 6c 00 p.l.o.r.e.r...l.
6e 00 6b 00 00 00 00 00 00 00 00 00 00 00 00 00 n.k.............
00 00 00 00 00 00 00 00 00 00 00 00 00 00 00 00 ................
00 00 00 00 00 00 00 00 00 00 00 00 00 00 00 00 ................
00 00 00 00 00 00 00 00 00 00 00 00 00 00 00 00 ................
00 00 00 00 00 00 00 00 00 00 00 00 00 00 00 00 ................
00 00 00 00 00 00 00 00 00 00 00 00 00 00 00 00 ................
00 00 00 00 00 00 00 00 00 00 00 00 00 00 00 00 ................
00 00 00 00 00 00 00 00 00 00 00 00 00 00 00 00 ................
00 00 00 00 00 00 00 00 00 00 00 00 00 00 00 00 ................
00 00 00 00 00 00 00 00 00 00 00 00 00 00 00 00 ................
00 00 00 00 00 00 00 00 00 00 00 00 00 00 00 00 ................
00 00 00 00 00 00 00 00 00 00 00 00 00 00 00 00 ................
00 00 00 00 00 00 00 00 00 00 00 00 00 00 00 00 ................
00 00 00 00 00 00 00 00 00 00 00 00 00 00 00 00 ................
00 00 00 00 00 00 00 00 00 00 00 00 00 00 00 00 ................
00 00 00 00 00 00 00 00 00 00 00 00 00 00 00 00 ................
00 00 00 00 00 00 00 00 00 00 00 00 00 00 00 00 ................
00 00 00 00 00 00 00 00 00 00 00 00 00 00 00 00 ................
00 00 00 00 00 00 00 00 00 00 00 00 00 00 00 00 ................
00 00 00 00 00 00 00 00 00 00 00 00 00 00 00 00 ................
00 00 00 00 00 00 00 00 00 00 00 00 00 00 00 00 ................
00 00 00 00 00 00 00 00 00 00 00 00 00 00 00 00 ................
00 00 00 00 00 00 00 00 00 00 00 00 00 00 00 00 ................
00 00 00 00 00 00 00 00 00 00 00 00 00 00 00 00 ................
00 00 00 00 00 00 00 00 00 00 00 00             ............    
* 0xe08e809b1000	\??\C:\Users\kali\ntuser.dat	ntuser.dat\Software\Microsoft\Windows\CurrentVersion\Explorer\UserAssist\{F4E57C4B-2036-45F0-A9AB-443BCFE33D9F}\Count	2026-05-13 19:25:30.000000 UTC	Value	%APPDATA%\Microsoft\Internet Explorer\Quick Launch\User Pinned\TaskBar\Microsoft Edge.lnk	N/A	3	0	0:00:00.503000	2026-05-13 18:32:05.000000 UTC	
00 00 00 00 03 00 00 00 00 00 00 00 03 00 00 00 ................
00 00 80 bf 00 00 80 bf 00 00 80 bf 00 00 80 bf ................
00 00 80 bf 00 00 80 bf 00 00 80 bf 00 00 80 bf ................
00 00 80 bf 00 00 80 bf ff ff ff ff a0 aa 7f cc ................
06 e3 dc 01 00 00 00 00                         ........        
* 0xe08e809b1000	\??\C:\Users\kali\ntuser.dat	ntuser.dat\Software\Microsoft\Windows\CurrentVersion\Explorer\UserAssist\{F4E57C4B-2036-45F0-A9AB-443BCFE33D9F}\Count	2026-05-13 19:25:30.000000 UTC	Value	%APPDATA%\Microsoft\Internet Explorer\Quick Launch\User Pinned\TaskBar\File Explorer.lnk	N/A	20	0	0:00:00.520000	2026-05-13 19:25:30.000000 UTC	
00 00 00 00 14 00 00 00 00 00 00 00 14 00 00 00 ................
00 00 80 bf 00 00 80 bf 00 00 80 bf 00 00 80 bf ................
00 00 80 bf 00 00 80 bf 00 00 80 bf 00 00 80 bf ................
00 00 80 bf 00 00 80 bf ff ff ff ff a0 b2 f9 42 ...............B
0e e3 dc 01 00 00 00 00                         ........        
* 0xe08e809b1000	\??\C:\Users\kali\ntuser.dat	ntuser.dat\Software\Microsoft\Windows\CurrentVersion\Explorer\UserAssist\{F4E57C4B-2036-45F0-A9AB-443BCFE33D9F}\Count	2026-05-13 19:25:30.000000 UTC	Value	%APPDATA%\Microsoft\Windows\Start Menu\Programs\System Tools\Command Prompt.lnk	N/A	1	0	0:00:00.501000	2026-05-12 19:51:19.000000 UTC	
00 00 00 00 01 00 00 00 00 00 00 00 01 00 00 00 ................
00 00 80 bf 00 00 80 bf 00 00 80 bf 00 00 80 bf ................
00 00 80 bf 00 00 80 bf 00 00 80 bf 00 00 80 bf ................
00 00 80 bf 00 00 80 bf ff ff ff ff 70 a6 f4 b3 ............p...
48 e2 dc 01 00 00 00 00                         H.......        
* 0xe08e809b1000	\??\C:\Users\kali\ntuser.dat	ntuser.dat\Software\Microsoft\Windows\CurrentVersion\Explorer\UserAssist\{F4E57C4B-2036-45F0-A9AB-443BCFE33D9F}\Count	2026-05-13 19:25:30.000000 UTC	Value	%ALLUSERSPROFILE%\Microsoft\Windows\Start Menu\Programs\7-Zip\7-Zip File Manager.lnk	N/A	2	0	0:00:00.502000	2026-05-13 19:25:04.000000 UTC	
00 00 00 00 02 00 00 00 00 00 00 00 02 00 00 00 ................
00 00 80 bf 00 00 80 bf 00 00 80 bf 00 00 80 bf ................
00 00 80 bf 00 00 80 bf 00 00 80 bf 00 00 80 bf ................
00 00 80 bf 00 00 80 bf ff ff ff ff f0 5f 34 33 ............._43
0e e3 dc 01 00 00 00 00                         ........        
0xe08e809b1000	\??\C:\Users\kali\ntuser.dat	ntuser.dat\Software\Microsoft\Windows\CurrentVersion\Explorer\UserAssist\{FA99DFC7-6AC2-453A-A5E2-5E2AFF4507BD}\Count	2026-05-05 21:04:48.000000 UTC	Key	N/A	N/A	N/A	N/A	N/A	N/A	N/A
